2915
3983
2565
4483
2330
2627
4676
4004
4415
3352
3910
4295
3732
4080
3707
2750
2294
3124
3410
2443
2095
2411
4234
6618
1048
4374
3480
2477
1518
2629
3194
3652
1504
4081
2610
2223
4023
4556
3524
1830
3213
3442
2416
2020
3417
1040
3120
2704
3808
1849
4549
3010
1866
1872
3239
3098
5526
2444
3640
3071
3142
6622
2904
1720
1831
3000
1431
2592
3177
2052
2140
2080
3777
1555
1358
3338
3092
3209
3216
5797
4175
1525
4651
3570
2706
1391
3249
2498
2059
3240
4566
4090
4071
2440
2907
2809
2718
3243
2274
3729
