100
9
1 687
1 195
1 185
1 233
1 712
1 883
1 971
1 958
1 496
9
1 424
1 162
1 758
1 470
1 216
1 279
1 369
1 794
1 161
9
1 115
1 768
1 784
1 894
1 945
1 632
1 869
1 30
1 868
9
1 609
1 157
1 616
1 364
1 195
1 162
1 900
1 428
1 873
9
1 783
1 750
1 830
1 630
1 173
1 991
1 387
1 642
1 558
9
1 666
1 362
1 703
1 178
1 477
1 822
1 962
1 722
1 766
9
1 945
1 591
1 148
1 812
1 551
1 304
1 427
1 914
1 850
9
1 588
1 166
1 629
1 812
1 300
1 378
1 993
1 929
1 551
9
1 335
1 316
1 544
1 892
1 333
1 906
1 594
1 862
1 734
9
1 767
1 175
1 455
1 532
1 119
1 397
1 679
1 930
1 948
9
1 334
1 356
1 213
1 536
1 295
1 378
1 164
1 458
1 29
9
1 542
1 450
1 958
1 444
1 784
1 625
1 339
1 27
1 957
9
1 596
1 972
1 170
1 329
1 738
1 345
1 136
1 270
1 463
9
1 532
1 300
1 393
1 479
1 986
1 100
1 44
1 521
1 747
9
1 421
1 684
1 204
1 802
1 577
1 6
1 759
1 372
1 789
9
1 383
1 711
1 816
1 691
1 658
1 787
1 860
1 987
1 877
9
1 556
1 122
1 146
1 19
1 5
1 797
1 411
1 836
1 782
9
1 862
1 879
1 302
1 608
1 651
1 338
1 164
1 452
1 914
9
1 169
1 562
1 286
1 309
1 296
1 348
1 124
1 338
1 5
9
1 263
1 550
1 343
1 491
1 105
1 816
1 988
1 123
1 821
9
1 784
1 533
1 8
1 566
1 395
1 886
1 219
1 354
1 888
9
1 556
1 517
1 692
1 470
1 37
1 253
1 107
1 346
1 549
9
1 454
1 821
1 238
1 810
1 435
1 787
1 153
1 925
1 892
9
1 320
1 912
1 14
1 140
1 48
1 899
1 147
1 613
1 645
9
1 384
1 183
1 998
1 624
1 739
1 867
1 315
1 560
1 903
9
1 567
1 666
1 600
1 467
1 471
1 421
1 705
1 632
1 207
9
1 491
1 136
1 132
1 382
1 456
1 395
1 396
1 947
1 442
9
1 646
1 94
1 406
1 290
1 829
1 589
1 287
1 452
1 679
9
1 505
1 118
1 238
1 408
1 685
1 255
1 359
1 503
1 77
9
1 131
1 559
1 708
1 338
1 50
1 844
1 821
1 783
1 651
9
1 215
1 530
1 597
1 9
1 175
1 42
1 414
1 464
1 871
9
1 354
1 103
1 674
1 32
1 607
1 792
1 269
1 366
1 828
9
1 523
1 725
1 330
1 951
1 855
1 241
1 11
1 544
1 290
9
1 206
1 364
1 424
1 856
1 931
1 306
1 452
1 939
1 480
9
1 494
1 704
1 296
1 716
1 58
1 750
1 741
1 89
1 708
9
1 532
1 358
1 74
1 711
1 232
1 150
1 41
1 535
1 356
9
1 633
1 545
1 252
1 274
1 750
1 615
1 697
1 605
1 545
9
1 2
1 408
1 835
1 834
1 901
1 539
1 481
1 968
1 948
9
1 582
1 709
1 36
1 289
1 240
1 745
1 714
1 951
1 329
9
1 215
1 343
1 863
1 923
1 975
1 407
1 174
1 248
1 508
9
1 788
1 296
1 112
1 685
1 650
1 519
1 871
1 835
1 772
9
1 761
1 667
1 739
1 708
1 248
1 447
1 744
1 888
1 39
9
1 488
1 602
1 341
1 168
1 168
1 35
1 30
1 90
1 361
9
1 788
1 263
1 960
1 295
1 403
1 607
1 406
1 439
1 256
9
1 277
1 309
1 442
1 400
1 70
1 108
1 138
1 129
1 707
9
1 937
1 872
1 595
1 327
1 712
1 548
1 19
1 879
1 715
9
1 405
1 261
1 157
1 765
1 48
1 771
1 76
1 343
1 525
9
1 682
1 100
1 963
1 290
1 728
1 624
1 731
1 127
1 45
9
1 839
1 617
1 173
1 545
1 905
1 397
1 491
1 231
1 108
9
1 38
1 601
1 338
1 105
1 5
1 598
1 261
1 121
1 646
9
1 383
1 196
1 340
1 908
1 877
1 439
1 870
1 166
1 519
9
1 845
1 249
1 645
1 241
1 439
1 261
1 414
1 983
1 517
9
1 810
1 826
1 99
1 269
1 863
1 699
1 958
1 967
1 703
9
1 556
1 579
1 823
1 553
1 962
1 370
1 892
1 869
1 247
9
1 682
1 90
1 764
1 200
1 287
1 12
1 197
1 527
1 802
9
1 809
1 940
1 785
1 326
1 101
1 962
1 776
1 721
1 824
9
1 475
1 679
1 143
1 529
1 234
1 721
1 704
1 138
1 34
9
1 73
1 381
1 254
1 671
1 62
1 344
1 787
1 614
1 630
9
1 150
1 162
1 156
1 952
1 970
1 448
1 88
1 647
1 900
9
1 49
1 423
1 621
1 872
1 249
1 651
1 366
1 777
1 236
9
1 439
1 832
1 373
1 472
1 905
1 753
1 726
1 927
1 166
9
1 421
1 713
1 779
1 402
1 863
1 292
1 557
1 814
1 614
9
1 356
1 901
1 260
1 608
1 301
1 34
1 228
1 524
1 282
9
1 230
1 890
1 411
1 465
1 328
1 242
1 837
1 151
1 498
9
1 589
1 228
1 777
1 106
1 648
1 489
1 237
1 401
1 703
9
1 528
1 310
1 516
1 141
1 665
1 768
1 753
1 272
1 68
9
1 786
1 851
1 592
1 420
1 80
1 833
1 182
1 896
1 512
9
1 775
1 732
1 662
1 273
1 672
1 242
1 49
1 778
1 241
9
1 889
1 14
1 642
1 592
1 541
1 951
1 459
1 34
1 615
9
1 227
1 786
1 239
1 646
1 923
1 441
1 589
1 694
1 873
9
1 421
1 875
1 768
1 932
1 650
1 500
1 946
1 274
1 523
9
1 187
1 322
1 300
1 427
1 210
1 665
1 68
1 153
1 558
9
1 370
1 612
1 591
1 337
1 190
1 728
1 575
1 835
1 650
9
1 367
1 424
1 344
1 239
1 196
1 218
1 359
1 128
1 219
9
1 210
1 73
1 492
1 732
1 611
1 813
1 384
1 389
1 375
9
1 48
1 457
1 879
1 605
1 178
1 490
1 547
1 514
1 679
9
1 274
1 88
1 866
1 924
1 807
1 641
1 619
1 397
1 836
9
1 188
1 755
1 315
1 407
1 964
1 387
1 898
1 48
1 349
9
1 63
1 431
1 738
1 789
1 830
1 546
1 667
1 435
1 723
9
1 509
1 981
1 237
1 187
1 255
1 676
1 404
1 530
1 482
9
1 44
1 148
1 231
1 880
1 335
1 985
1 194
1 741
1 301
9
1 933
1 991
1 348
1 633
1 53
1 130
1 370
1 841
1 959
9
1 915
1 859
1 745
1 990
1 367
1 726
1 226
1 906
1 332
9
1 253
1 309
1 213
1 87
1 705
1 360
1 317
1 584
1 46
9
1 653
1 129
1 787
1 953
1 413
1 777
1 652
1 46
1 181
9
1 781
1 767
1 373
1 740
1 34
1 231
1 484
1 23
1 598
9
1 561
1 600
1 503
1 244
1 852
1 163
1 456
1 938
1 867
9
1 167
1 606
1 450
1 213
1 259
1 931
1 351
1 211
1 695
9
1 479
1 863
1 92
1 659
1 995
1 859
1 31
1 734
1 892
9
1 261
1 570
1 266
1 210
1 482
1 865
1 712
1 78
1 68
9
1 875
1 533
1 358
1 93
1 52
1 963
1 895
1 264
1 573
9
1 825
1 966
1 784
1 871
1 444
1 998
1 963
1 102
1 992
9
1 173
1 484
1 78
1 416
1 96
1 999
1 681
1 306
1 832
9
1 897
1 369
1 909
1 964
1 595
1 794
1 321
1 688
1 845
9
1 636
1 582
1 108
1 208
1 758
1 73
1 343
1 980
1 868
9
1 340
1 942
1 321
1 684
1 466
1 804
1 113
1 881
1 251
9
1 463
1 561
1 908
1 294
1 457
1 277
1 203
1 773
1 223
9
1 996
1 93
1 262
1 840
1 728
1 195
1 299
1 936
1 952
9
1 723
1 630
1 932
1 590
1 970
1 225
1 910
1 5
1 691
9
1 65
1 469
1 923
1 667
1 931
1 836
1 575
1 576
1 644
