839 8
20
20 79
344 57
30 73
296 27
116 43
641 51
346 71
409 73
795 67
728 1
103 39
48 45
641 29
810 91
490 53
244 5
368 21
477 39
242 37
738 75

458 3
3
343 60
255 18
379 60

269 0
18
161 11
144 13
121 83
28 17
204 9
168 89
97 85
49 83
229 1
235 65
177 97
246 39
103 29
229 85
206 23
263 63
98 75
266 65

42 5
7
37 92
33 86
23 0
15 98
9 96
41 2
23 40

867 0
22
814 31
34 57
218 37
91 47
325 1
386 75
458 1
25 87
463 65
824 73
534 91
321 49
100 13
210 33
106 81
399 17
779 5
111 7
788 29
576 63
665 33
181 91

726 3
19
321 80
43 10
601 8
555 58
199 40
55 58
231 72
67 22
379 4
687 86
61 92
553 66
103 32
697 30
155 20
329 34
87 32
245 78
457 92

205 2
12
37 95
166 1
24 57
7 41
172 45
119 55
204 3
26 5
21 77
117 47
167 47
135 81

522 5
21
65 8
213 34
127 40
453 14
49 76
35 70
489 64
135 50
317 92
295 82
429 92
475 78
443 20
173 38
125 4
471 82
381 32
305 66
129 52
87 62
497 64

485 4
6
119 83
291 79
180 51
315 73
78 17
437 95

182 9
29
37 16
1 14
29 96
97 70
13 24
113 46
173 16
31 54
127 0
153 38
7 4
119 10
97 96
101 70
3 64
115 10
59 16
49 94
37 32
29 34
45 80
135 98
9 0
125 86
167 24
153 42
81 92
63 86
11 68

407 4
26
161 49
159 27
20 63
232 71
170 19
91 17
277 67
345 51
230 85
100 45
203 93
83 61
338 75
120 53
221 97
239 43
97 93
112 21
316 97
230 67
281 75
254 49
122 77
128 9
53 87
279 43

698 9
3
63 20
243 50
333 84

127 8
8
24 57
116 81
66 43
81 21
122 29
5 67
59 43
100 15

654 9
15
81 36
647 18
421 72
647 26
105 96
153 78
369 48
641 70
165 48
191 94
323 48
533 22
245 24
239 62
199 92

691 4
28
690 31
294 21
125 5
247 83
512 59
67 25
425 91
326 1
218 29
373 77
548 65
320 13
466 83
120 91
314 21
89 87
391 99
438 63
453 23
615 93
465 45
638 61
390 49
230 7
587 33
22 95
556 61
149 87

206 9
15
57 40
41 50
43 76
95 42
7 16
107 30
155 96
47 30
167 76
7 42
147 44
103 50
19 64
87 86
97 68

15 2
8
14 69
8 19
11 7
7 57
10 21
8 43
4 89
14 23

554 1
25
131 36
79 26
165 40
251 14
455 40
345 30
533 60
303 82
345 96
423 6
305 52
451 26
465 72
189 46
269 4
127 62
219 84
87 86
107 48
135 66
167 36
185 22
149 84
287 82
499 56

655 0
12
265 73
185 7
121 79
114 45
615 47
97 95
149 23
27 11
37 3
447 13
90 95
450 23

674 5
25
479 28
359 38
607 32
621 50
447 8
79 46
639 0
513 2
25 84
647 78
95 76
515 2
549 52
389 22
195 48
25 34
73 4
595 2
339 12
49 74
417 76
323 86
279 12
565 38
369 92

47 4
12
30 63
17 37
25 55
45 81
22 45
29 85
6 3
34 31
23 51
25 7
43 39
33 75

202 3
23
101 16
19 58
7 4
67 98
31 92
189 90
31 20
11 18
163 24
83 42
87 36
195 18
79 52
3 58
27 32
153 26
153 48
101 50
159 12
79 2
39 20
1 74
101 0

285 6
18
109 25
249 81
29 17
227 53
6 27
223 5
161 79
3 31
278 81
140 63
159 73
109 77
177 97
42 15
216 41
167 23
41 37
160 17

990 1
23
93 64
301 70
25 48
573 46
915 76
141 18
7 72
663 18
531 40
527 70
203 28
329 6
125 80
63 62
857 24
887 14
109 0
205 26
89 20
481 70
667 28
637 26
385 80

283 6
24
108 47
49 1
181 21
79 53
60 93
11 9
244 67
36 73
105 13
29 1
53 83
64 35
276 45
249 45
92 65
99 55
113 67
55 37
55 41
89 69
90 61
214 47
160 87
130 15

358 7
1
163 68

363 8
24
253 21
125 57
199 77
339 59
183 5
339 61
3 69
90 87
90 51
93 13
166 87
257 55
348 35
75 39
98 91
30 55
53 49
238 13
307 47
150 29
43 77
219 29
291 37
116 19

278 5
27
37 8
133 82
181 20
183 46
217 32
211 14
215 84
177 78
23 20
183 70
251 88
13 86
53 76
9 34
193 84
257 74
171 52
247 94
191 64
139 42
143 36
173 58
105 48
265 18
199 48
89 14
257 8

401 8
20
143 47
44 39
204 37
28 87
187 39
353 27
291 43
172 35
127 77
93 73
303 71
32 9
363 79
1 1
77 97
265 73
389 99
124 59
1 37
60 41

726 5
25
381 32
703 90
703 72
587 50
291 40
383 30
371 52
63 2
379 48
247 62
3 24
627 46
179 68
361 74
413 76
631 54
323 4
25 42
147 48
563 58
137 92
465 90
533 4
225 82
39 92

473 2
0

30 1
7
23 8
5 46
1 36
15 10
1 92
29 66
29 20

405 6
20
92 49
41 13
227 19
238 51
30 87
329 5
52 25
310 53
100 31
84 27
211 35
330 41
73 11
220 19
364 7
53 63
145 35
264 43
120 53
63 59

974 1
19
83 64
321 74
659 32
455 82
95 4
935 54
115 44
307 70
367 88
433 74
429 92
395 2
113 32
713 70
343 36
955 98
125 24
115 86
401 80

415 8
28
172 99
263 43
323 59
399 83
15 27
43 29
46 97
336 11
140 23
51 23
110 35
351 83
165 43
62 19
284 37
244 37
36 43
378 89
362 13
221 77
292 69
193 97
177 33
175 9
303 83
57 93
169 13
33 63

630 7
3
293 96
271 46
457 44

517 8
14
326 69
113 63
201 37
179 31
62 97
73 39
204 33
47 29
318 13
380 43
360 89
318 19
448 33
382 63

770 7
25
337 44
589 94
561 60
79 14
613 36
91 50
315 80
381 90
603 36
569 98
543 64
323 90
663 68
479 54
547 20
265 94
719 36
469 74
149 96
141 42
633 68
639 34
403 40
181 2
27 96

783 2
6
708 49
303 45
235 45
395 79
309 49
246 89

958 3
9
443 84
77 70
747 64
561 86
57 0
295 78
217 20
431 18
753 84

531 2
26
490 23
456 49
409 31
185 29
284 3
488 73
334 3
281 25
399 99
284 15
163 79
299 51
181 21
346 95
484 91
157 7
445 23
486 29
172 19
18 49
106 35
520 49
99 17
70 37
81 39
348 43

282 7
15
183 8
175 58
135 20
81 90
125 92
265 62
127 96
77 22
171 72
117 54
217 12
177 70
119 68
177 26
255 56

205 8
10
152 65
125 39
70 95
171 43
147 99
109 71
46 71
105 29
101 59
114 37

26 7
23
1 12
13 22
15 92
9 86
1 8
3 62
5 16
17 86
1 60
7 54
23 80
3 74
5 96
13 86
17 24
13 2
7 44
5 94
15 12
15 6
9 84
7 6
15 0

99 0
28
79 69
45 5
59 53
10 69
61 61
9 83
19 55
95 27
22 29
32 99
4 43
73 23
73 79
19 67
19 23
70 77
24 41
28 71
92 57
95 5
78 41
31 13
7 91
94 81
27 61
79 63
70 77
48 55

622 3
17
231 12
123 26
145 52
215 74
549 80
579 38
271 20
451 34
145 68
577 70
525 4
441 62
513 60
431 78
95 76
21 86
441 32

613 6
16
92 25
150 3
92 65
520 53
375 49
450 37
447 31
342 13
403 77
258 45
558 21
336 65
257 47
6 53
325 49
54 5

698 7
23
341 76
75 58
95 80
241 94
329 24
487 22
465 20
31 26
521 96
87 10
105 16
439 86
367 8
509 50
209 0
123 74
71 32
149 90
413 4
547 26
465 28
391 30
477 28

625 6
16
582 89
535 97
232 81
121 33
96 91
473 17
48 9
357 23
11 39
269 33
174 37
265 63
428 75
465 43
127 81
257 51

490 9
25
313 40
343 14
279 40
247 90
43 84
75 78
229 60
391 6
315 72
375 90
145 12
465 18
489 60
467 74
149 16
339 86
349 56
453 34
373 72
409 38
149 48
447 50
483 12
265 50
25 76

855 0
10
224 31
217 35
38 33
674 43
844 51
288 9
528 19
790 99
119 3
689 19

238 1
19
17 44
51 74
5 92
99 14
151 36
21 10
43 80
215 74
145 72
131 46
163 96
99 86
103 48
5 90
93 88
193 6
73 8
57 98
11 88

705 0
22
258 13
393 3
283 9
524 37
605 87
281 27
456 77
77 11
132 89
323 1
122 35
355 87
462 95
624 75
199 7
299 15
566 47
28 95
427 59
635 49
454 95
497 5

842 5
3
529 12
425 50
297 52

961 0
0

90 1
7
9 44
35 10
45 56
35 2
25 16
67 14
11 84

621 2
28
157 1
398 15
232 67
235 45
31 63
523 25
492 43
43 37
524 25
445 7
37 9
95 11
485 39
487 3
575 9
12 39
368 43
578 55
413 13
614 27
176 87
468 15
62 99
174 9
482 43
398 23
271 63
263 59

514 3
9
349 36
449 94
497 0
269 90
511 52
41 50
219 16
167 54
45 52

389 0
14
213 29
361 93
83 23
360 59
188 97
353 25
279 37
342 3
333 77
200 37
260 77
66 87
275 37
188 99

334 9
9
287 36
137 62
213 88
329 90
313 76
329 6
37 68
299 34
159 48

879 2
18
431 57
444 25
864 93
36 91
327 77
418 67
476 59
859 83
610 45
115 93
771 15
242 99
110 29
602 79
837 51
570 33
89 17
216 21

814 9
13
283 44
545 70
427 48
471 82
301 4
11 86
263 28
797 82
205 8
557 38
613 80
431 30
519 0

763 8
16
270 33
561 91
269 25
304 41
110 31
187 13
203 93
413 95
441 29
285 1
536 91
218 69
605 73
343 41
367 99
47 13

606 5
25
119 16
397 34
417 16
299 34
267 0
15 30
487 96
43 90
363 56
577 62
127 40
1 26
309 76
429 58
357 36
133 10
437 60
419 2
577 32
351 50
297 64
9 38
417 8
305 70
467 76

899 8
20
762 33
818 97
777 35
128 75
57 49
63 61
173 11
836 35
797 63
435 65
385 93
183 63
626 19
76 87
215 59
172 27
461 75
896 57
572 33
84 21

286 1
21
201 24
261 18
273 68
127 86
229 76
17 62
63 76
3 54
59 36
181 86
73 0
129 78
209 64
191 86
239 92
97 62
69 28
147 90
225 16
55 6
121 80

173 6
24
101 91
21 93
123 99
29 67
71 57
157 3
118 91
114 75
2 5
58 33
128 59
59 51
19 1
102 15
84 49
82 17
92 71
3 69
53 31
143 23
172 43
37 75
134 81
99 23

234 1
13
137 20
225 54
11 44
161 38
123 24
157 62
99 4
157 86
75 32
149 94
193 24
85 66
93 84

221 4
6
206 19
69 89
77 27
73 17
27 79
176 33

398 9
13
331 68
305 74
187 12
349 70
335 8
255 82
379 48
151 38
221 32
51 66
135 24
393 34
343 72

313 2
28
133 77
43 49
199 67
302 69
253 3
304 51
140 51
118 83
191 89
216 41
272 97
156 99
302 89
268 21
47 37
260 91
145 81
231 63
267 81
267 61
24 97
127 75
248 57
293 1
152 1
12 81
194 65
234 13

238 9
1
75 28

287 2
0

10 9
25
3 24
9 90
9 92
1 90
5 64
1 2
1 24
3 10
5 40
5 86
9 8
9 58
7 48
7 6
7 40
7 6
3 16
5 74
7 88
7 6
5 68
3 26
5 80
5 98
9 52

873 0
2
568 49
666 55

270 7
7
69 12
25 26
45 72
249 46
175 88
119 50
255 40

337 2
22
222 85
202 77
291 1
294 21
120 61
238 73
142 99
202 73
204 37
256 61
140 49
332 73
267 5
321 17
116 15
264 17
196 43
113 37
51 75
88 47
127 57
99 35

34 7
23
9 36
25 42
33 68
33 62
5 16
9 90
19 36
5 90
33 64
29 50
33 48
29 18
27 12
33 34
15 80
29 66
17 96
33 46
27 68
15 42
27 52
21 2
5 76

921 6
24
826 57
253 33
425 69
540 11
865 91
826 47
6 71
294 1
514 93
396 93
677 73
64 83
83 95
14 47
170 45
706 53
817 25
875 71
624 37
312 87
680 57
456 67
377 19
632 75

958 1
1
179 60

327 4
14
45 47
301 63
89 73
5 61
71 73
65 49
313 5
310 51
72 85
168 25
150 53
127 21
199 29
153 85

54 9
11
53 12
13 38
11 28
49 62
31 64
15 50
45 68
13 94
45 36
17 98
31 48

793 4
14
330 13
175 75
695 93
712 99
312 45
237 17
736 59
757 97
235 79
243 51
778 81
360 17
22 57
563 75

402 5
19
147 12
165 6
69 16
371 82
247 0
317 78
49 12
67 54
253 12
81 86
245 92
93 42
247 80
285 62
321 40
283 22
275 96
11 78
95 52

417 6
16
316 11
12 47
188 27
175 79
96 85
103 83
333 71
36 83
49 39
209 87
337 27
193 57
296 75
372 65
170 67
236 19

346 9
21
19 16
87 30
289 40
239 30
259 92
303 98
137 28
69 34
33 64
89 46
201 16
185 50
313 80
85 6
173 60
197 46
167 60
295 2
215 24
307 78
17 24

223 8
2
186 91
18 81

518 5
1
215 76

965 8
16
929 93
523 55
253 27
262 71
477 15
372 83
725 43
309 81
393 77
732 45
833 49
428 61
711 73
695 79
251 27
373 77

430 3
1
57 28

141 0
6
63 21
77 81
27 21
109 63
95 87
43 31

78 1
25
53 60
61 22
71 92
61 90
41 28
31 50
55 80
55 78
53 60
53 90
39 84
69 82
51 84
21 98
47 60
47 66
35 56
47 50
19 72
77 58
53 20
41 66
61 24
69 18
67 72

479 6
12
223 51
399 89
323 77
143 77
320 39
220 47
71 1
329 17
18 71
74 47
251 59
457 69

194 9
7
35 40
49 30
101 96
123 90
73 88
9 14
147 60

85 4
26
29 27
30 55
76 37
75 33
12 5
32 91
32 43
24 15
8 65
4 63
67 87
45 13
24 27
45 79
16 65
35 57
40 73
47 15
50 17
64 1
48 7
41 51
3 69
26 83
62 51
21 9

470 9
29
151 84
151 42
457 88
119 10
179 88
45 22
387 60
381 42
265 48
467 54
3 76
449 14
313 4
111 54
57 64
19 6
323 84
107 86
99 24
259 2
357 80
455 58
445 52
113 30
113 36
3 62
145 64
17 26
265 40

791 6
16
382 25
429 91
97 39
345 87
433 87
93 17
726 39
723 1
377 67
308 49
706 57
386 77
409 99
421 47
4 51
188 27

402 5
11
235 48
299 34
343 88
183 6
349 12
209 46
221 44
195 10
123 44
295 42
117 68

789 4
14
510 65
581 15
411 77
402 77
643 53
666 75
326 29
515 51
373 95
316 33
180 81
479 75
483 91
332 37

802 1
25
197 52
117 22
553 60
487 34
241 80
429 70
17 72
627 70
61 12
41 10
319 92
55 50
129 76
129 58
125 24
765 38
765 24
767 26
721 24
509 34
35 88
717 18
133 92
779 18
151 68

