338 360 264 sum:962
sum:0
704 17 26 sum:747
1 0 1 2 0 0 0 0 sum:4
150 114 209 25 sum:498
69 17 178 35 sum:299
5 6 311 sum:322
269 212 483 sum:964
39 284 sum:323
336 sum:336
17 44 1 0 22 sum:84
73 130 4 104 sum:347
403 159 390 sum:952
3 0 0 0 1 3 0 0 sum:7
11 227 74 sum:312
80 77 sum:157
764 sum:764
96 302 118 sum:516
294 sum:294
388 sum:388
42 87 79 sum:208
871 sum:871
17 60 106 33 sum:216
28 42 sum:70
197 1 452 sum:650
270 0 132 453 sum:855
50 253 165 114 sum:582
70 75 143 22 sum:310
7 26 844 sum:877
158 33 362 sum:553
48 16 29 8 sum:101
13 3 14 0 sum:30
1 301 sum:302
0 228 48 192 179 50 sum:697
168 153 373 sum:694
90 166 159 sum:415
131 648 sum:779
758 sum:758
1 56 sum:57
18 367 sum:385
24 13 sum:37
71 36 227 sum:334
28 48 71 15 sum:162
33 36 73 100 80 sum:322
285 114 sum:399
183 113 144 sum:440
105 70 13 31 27 sum:246
73 829 sum:902
3 8 sum:11
341 392 sum:733
