79
1
20 79

0
0

932
18

0
0

986
22

92
1
61 92

118
2
7 41
21 77

0
0

0
0

78
2
1 14
3 64

63
1
20 63

0
0

67
1
5 67

0
0

95
1
22 95

42
1
7 42

0
0

112
2
79 26
87 86

514
12

84
1
25 84

0
0

154
4
7 4
11 18
3 58
1 74

58
2
6 27
3 31

326
5
93 64
25 48
7 72
125 80
63 62

9
1
11 9

0
0

69
1
3 69

86
1
13 86

38
2
1 1
1 37

116
2
3 24
39 92

0
0

174
3
5 46
1 36
1 92

0
0

194
3
83 64
115 44
115 86

27
1
15 27

0
0

0
0

96
1
27 96

0
0

70
1
77 70

86
2
18 49
70 37

0
0

0
0

60
1
1 60

1518
28

86
1
21 86

53
1
6 53

26
1
31 26

39
1
11 39

0
0

342
10

368
4
5 92
5 90
57 98
11 88

1018
22

0
0

0
0

128
2
9 44
11 84

162
2
31 63
62 99

52
1
45 52

780
14

0
0

120
2
36 91
110 29

86
1
11 86

0
0

94
3
15 30
1 26
9 38

0
0

192
3
17 62
63 76
3 54

74
2
2 5
3 69

44
1
11 44

0
0

0
0

178
2
24 97
12 81

0
0

0
0

0
0

104
2

0
0

75
1
51 75

0
0

118
2
6 71
14 47

60
1
179 60

61
1
5 61

0
0

57
1
22 57

78
1
11 78

47
1
12 47

0
0

0
0

0
0

0
0

0
0

304
6

98
1
21 98

71
1
18 71

0
0

132
2
4 63
3 69

138
2
3 76
3 62

51
1
4 51

0
0

0
0

302
4
17 72
55 50
35 88
133 92
