100
4
10 5 15 5
2
100 100
8
81 81 81 81 81 81 81 0
6
23 90 40 0 100 9
2
0 0
10
100 0 100 0 100 0 100 0 100 0
10
100 100 100 100 100 100 100 100 100 0
5
19 41 0 95 19
6
64 58 41 57 85 68
7
92 79 31 87 89 80 81
8
68 17 89 34 54 36 28 22
9
54 65 29 71 83 10 29 71 72
10
65 86 21 27 72 42 71 84 83 52
10
49 67 88 15 14 32 20 53 92 37
10
15 62 10 82 39 15 31 83 57 88
10
75 0 19 56 30 16 77 7 21 69
10
56 69 10 34 19 40 63 15 5 45
10
98 1 73 25 36 50 80 67 12 28
10
32 44 91 50 43 33 64 69 82 69
10
78 64 58 25 76 84 59 58 70 87
10
7 66 4 8 50 79 77 57 45 99
10
45 18 38 94 42 55 13 45 46 6
10
82 93 59 84 5 59 18 97 87 37
10
21 35 60 17 61 74 86 80 78 45
10
27 27 38 7 89 58 95 76 18 12
10
36 67 76 46 48 60 35 43 75 64
10
47 98 57 36 22 44 62 58 1 37
10
1 29 23 85 43 27 81 58 76 44
10
41 65 89 63 17 92 80 83 11 50
10
78 7 64 29 98 29 75 90 59 32
10
51 6 16 6 30 85 5 86 91 40
10
35 25 62 55 72 79 38 89 47 7
10
25 32 32 40 10 35 43 36 52 76
10
13 5 73 4 51 2 31 88 96 98
10
93 23 84 48 77 63 37 16 45 98
10
32 28 67 28 53 71 27 55 79 57
10
87 89 30 57 88 99 17 43 51 70
10
76 5 37 45 58 95 47 7 1 83
10
9 8 6 53 37 74 97 20 15 77
10
45 78 94 5 37 41 20 10 97 15
10
44 34 4 75 3 42 80 52 57 17
10
90 73 62 7 66 78 6 27 36 48
10
90 78 49 39 41 15 2 56 90 11
10
53 96 21 34 82 83 82 86 39 1
10
85 95 96 59 85 3 72 50 51 26
10
94 83 30 12 92 47 24 84 40 75
10
59 90 68 68 15 90 0 42 1 67
10
55 12 38 13 82 65 22 66 5 97
10
13 48 57 62 63 86 0 6 22 66
10
59 95 3 2 79 30 83 50 64 81
10
54 32 24 4 28 76 90 95 75 90
10
62 67 41 34 79 36 12 22 96 60
10
8 59 65 27 26 55 16 20 24 98
10
34 69 19 18 76 91 71 59 42 18
10
45 52 49 82 1 54 94 41 27 0
10
93 78 40 5 64 62 73 93 76 49
10
29 71 52 40 53 20 50 24 38 43
10
7 49 16 40 91 45 19 75 26 76
10
29 17 72 40 6 67 57 85 34 40
10
68 64 34 14 34 22 3 81 32 54
10
63 50 75 65 42 79 68 38 92 45
10
1 35 99 84 54 4 51 37 1 89
10
71 65 98 74 19 63 82 67 7 65
10
71 75 56 48 44 24 91 74 6 68
10
43 35 11 86 67 76 68 28 13 74
10
9 32 69 28 87 76 51 11 5 84
10
6 67 76 3 44 91 75 98 19 39
10
67 48 97 64 7 96 22 70 20 91
10
96 3 86 87 97 97 10 25 56 93
10
92 24 19 31 31 44 59 6 26 43
10
65 76 32 45 75 5 73 23 15 64
10
54 57 90 72 50 84 40 60 57 37
10
32 23 62 57 13 54 84 58 33 45
10
12 65 70 83 75 3 73 17 9 40
10
10 16 0 75 66 82 3 97 80 33
10
0 97 64 97 32 66 50 90 86 19
10
63 5 83 36 3 25 24 88 0 45
10
84 83 21 69 48 82 1 26 78 64
10
21 12 93 43 35 53 15 63 32 56
10
73 92 45 73 81 99 97 56 20 27
10
46 1 35 94 79 42 5 35 58 27
10
19 44 98 74 62 46 82 46 24 32
10
36 22 56 6 76 39 11 98 55 85
10
29 33 9 48 68 40 78 75 56 63
10
93 52 70 46 30 46 37 70 25 10
10
83 15 86 24 45 42 53 42 87 85
10
84 83 1 56 8 10 79 33 20 12
10
18 7 50 78 60 28 54 44 61 44
10
23 88 24 83 45 27 28 96 70 92
10
0 70 82 51 1 10 25 49 70 47
10
49 57 94 47 65 68 81 48 82 59
10
80 88 53 0 74 55 78 54 2 31
10
35 85 6 0 21 17 35 12 8 83
10
51 16 20 49 55 29 31 9 97 0
10
54 22 94 51 37 45 62 1 71 7
10
71 97 55 86 19 32 85 81 77 78
10
6 62 64 71 79 50 41 18 34 41
10
64 14 43 83 19 84 68 3 63 63
10
21 74 12 53 64 91 7 60 45 98
10
14 47 63 82 95 29 34 10 32 31
